Here is a random 7x5 Matrix A:

     -60.4       97.6      -49.1      -39.6       64.1 
     -23.4       5.31        3.4      -46.1       79.8 
        98       79.2      -34.4       33.4      -30.6 
      84.2       33.8       77.5      -65.3       56.6 
      34.5       2.28      -19.7       50.3      -13.9 
      76.4      -62.4      -98.1       25.2       64.7 
     -3.55        -84       80.4       91.4       12.5 

Doing QR-decomposition on A to get:
Q = 

    -0.361      0.587     -0.222     0.0992      0.567 
     -0.14     0.0327     0.0156     -0.338      0.477 
     0.586       0.47    -0.0656      0.448    -0.0234 
     0.504      0.199      0.581     -0.462      0.242 
     0.206     0.0122     -0.104      0.375      0.103 
     0.457     -0.376      -0.66     -0.236      0.336 
   -0.0212     -0.503      0.403      0.516      0.518 

R = 

       167       1.14      -14.5       27.4       2.66 
         0        167      -33.2      -76.8       6.28 
         0          0        157      -17.1      -14.3 
         0          0          0        117      -74.5 
         0          0          0          0        116 

R should be uppper triangular.
This decomposition ran in time: 13.254 milliseconds.

Here is a random 7-vector
b:     -65.2      -38.5      -62.7         43       -5.5       57.6       94.5 

Solving the system Ax=b
     0.239     -0.695      0.302     0.0623       0.21 

Product of Q and R (should equal A):

     -60.4       97.6      -49.1      -39.6       64.1 
     -23.4       5.31        3.4      -46.1       79.8 
        98       79.2      -34.4       33.4      -30.6 
      84.2       33.8       77.5      -65.3       56.6 
      34.5       2.28      -19.7       50.3      -13.9 
      76.4      -62.4      -98.1       25.2       64.7 
     -3.55        -84       80.4       91.4       12.5 

The determinant of A: det(A) = 59325897239.5531

Inverse of R by Gram-Schmidt QR-decomp:

   0.00598  -4.09e-05   0.000544   -0.00135  -0.000939 
  6.33e-19    0.00598    0.00126    0.00412    0.00248 
 -6.76e-20          0    0.00635   0.000928    0.00139 
  1.43e-18          0          0    0.00856    0.00552 
   6.7e-19          0          0   2.13e-18    0.00865 


Product of R and R^-1 should equal identity:

         1    2.6e-18  -5.55e-17   8.89e-17   3.12e-17 
  2.66e-18          1          0   1.34e-17   6.94e-18 
 -4.46e-17          0          1   -2.7e-18  -1.39e-17 
  1.17e-16          0          0          1   2.22e-16 
  7.74e-17          0          0   2.46e-16          1 

