Here is a random 5x5 matrix A:

      93.1       57.1      -77.8        -55       73.7 
     -61.5      -27.3         11       45.2       66.9 
     -73.4        2.6      -8.96       50.6      -10.8 
     -63.5       59.8       12.9      -34.1      -35.4 
     -18.1      -88.2      -80.7      -80.1       58.8 

Doing QR-decomposition on A to get:
Q = 

     0.625      0.315     -0.633      0.233      0.238 
    -0.413     -0.122    -0.0286      0.343      0.835 
    -0.493      0.148     -0.372      0.603     -0.482 
    -0.426      0.608     -0.295     -0.591      0.111 
    -0.121     -0.703     -0.611     -0.339    -0.0443 

R = 

       149       30.9      -44.4      -53.7       31.7 
         0        120       37.4       20.4      -49.4 
         0          0       97.8       73.6        -70 
         0          0          0       80.6       34.6 
         0          0          0          0         72 

Here is a random 5-vector
b:      96.7      -83.8      -62.6      -53.7       36.5 

Solving the system Ax=b
     0.853     -0.165      -0.55      -0.16     -0.337 

Product of Q and R (should equal A):

      93.1       57.1      -77.8        -55       73.7 
     -61.5      -27.3         11       45.2       66.9 
     -73.4        2.6      -8.96       50.6      -10.8 
     -63.5       59.8       12.9      -34.1      -35.4 
     -18.1      -88.2      -80.7      -80.1       58.8 


The determinant of A:
10149729621.6271

The inverse of R:

   0.00671   -0.00172    0.00371    0.00151   -0.00126 
         0    0.00833   -0.00319    0.00081    0.00222 
         0          0     0.0102   -0.00935     0.0144 
         0          0  -7.74e-18     0.0124   -0.00596 
         0          0   7.83e-18          0     0.0139 


Product of R and R^-1 should equal identity:

         1          0  -2.78e-18          0  -5.55e-17 
         0          1   1.08e-17          0   1.11e-16 
         0          0          1  -3.33e-16   4.44e-16 
         0          0  -3.53e-16          1          0 
         0          0   5.64e-16          0          1 

