
      4.76       3.49      -6.03     0.0378       8.07 
      3.49       -3.9      -4.64       3.68      -6.22 
     -6.03      -4.64       4.45       8.71       2.95 
    0.0378       3.68       8.71      -1.56       8.01 
      8.07      -6.22       2.95       8.01      -0.72 

A (the original symmetric) Matrix

      4.76       3.49      -6.03     0.0378       8.07 
      3.49       -3.9      -4.64       3.68      -6.22 
     -6.03      -4.64       4.45       8.71       2.95 
    0.0378       3.68       8.71      -1.56       8.01 
      8.07      -6.22       2.95       8.01      -0.72 

Orthogonal V Matrix of eigenvectors

     0.244      0.536    -0.0269     -0.781     -0.205 
    -0.552     0.0308     -0.796     -0.062     -0.237 
     -0.19      0.637    -0.0722      0.191      0.719 
     0.532     -0.396     -0.515     -0.218      0.497 
    -0.562     -0.387      0.307     -0.549      0.371 

V*V^T=1:

         1   2.08e-17  -5.55e-17   2.78e-17          0 
  2.08e-17          1   2.78e-17  -1.11e-16   1.11e-16 
 -5.55e-17   2.78e-17          1   1.11e-16  -5.55e-17 
  2.78e-17  -1.11e-16   1.11e-16          1  -1.67e-16 
         0   1.11e-16  -5.55e-17  -1.67e-16          1 

V^T*V=1:

         1   1.39e-16  -5.27e-16   5.55e-17  -2.78e-17 
  1.39e-16          1  -6.94e-17  -2.22e-16  -1.39e-16 
 -5.27e-16  -6.94e-17          1  -8.33e-17   -1.8e-16 
  5.55e-17  -2.22e-16  -8.33e-17          1   5.55e-17 
 -2.78e-17  -1.39e-16   -1.8e-16   5.55e-17          1 

Diagonal Matrix D of eigenvalues

     -16.9          0          0          0          0 
         0      -8.06          0          0          0 
         0          0      0.572          0          0 
         0          0          0       12.2          0 
         0          0          0          0       15.2 

Vt*A*V = D

     -16.9  -1.04e-13   3.11e-15   2.66e-15   1.06e-08 
 -1.04e-13      -8.06   4.44e-16  -9.55e-10  -3.38e-11 
  3.41e-15   9.71e-17      0.572   3.06e-11  -2.83e-15 
  2.66e-15  -9.55e-10   3.06e-11       12.2   1.78e-15 
  1.06e-08  -3.38e-11     -2e-15   8.88e-16       15.2 

