
      6.75     -0.196     -0.949       -4.2      -5.34 
    -0.196       -6.4       -3.3       6.76      -7.84 
    -0.949       -3.3      -1.44      -1.72      -3.06 
      -4.2       6.76      -1.72       4.65     -0.893 
     -5.34      -7.84      -3.06     -0.893       -8.3 

A (the original symmetric) Matrix

      6.75     -0.196     -0.949       -4.2      -5.34 
    -0.196       -6.4       -3.3       6.76      -7.84 
    -0.949       -3.3      -1.44      -1.72      -3.06 
      -4.2       6.76      -1.72       4.65     -0.893 
     -5.34      -7.84      -3.06     -0.893       -8.3 

Orthogonal V Matrix of eigenvectors

     0.148     -0.383     -0.101      0.617     -0.664 
     0.639      0.542     0.0633      0.474      0.261 
     0.259     -0.204       0.92     -0.171     -0.124 
    -0.118     -0.572     0.0783      0.425      0.687 
     0.699     -0.436     -0.365     -0.429     0.0639 

V*V^T=1:

         1  -1.39e-16   1.67e-16  -1.67e-16  -4.16e-17 
 -1.39e-16          1   2.01e-16  -3.61e-16   1.42e-16 
  1.67e-16   2.01e-16          1  -2.78e-17    4.6e-16 
 -1.67e-16  -3.61e-16  -2.78e-17          1   6.94e-17 
 -4.16e-17   1.42e-16    4.6e-16   6.94e-17          1 

V^T*V=1:

         1   2.78e-16   1.11e-16   5.55e-17  -6.94e-18 
  2.78e-16          1   1.11e-16   5.55e-17   3.47e-17 
  1.11e-16   1.11e-16          1   1.67e-16   8.67e-17 
  5.55e-17   5.55e-17   1.67e-16          1  -2.29e-16 
 -6.94e-18   3.47e-17   8.67e-17  -2.29e-16          1 

Diagonal Matrix D of eigenvalues

     -17.6          0          0          0          0 
         0      -5.85          0          0          0 
         0          0       -0.5          0          0 
         0          0          0       7.69          0 
         0          0          0          0       11.5 

Vt*A*V = D

     -17.6   2.21e-09   5.84e-13  -1.78e-15   7.77e-16 
  2.21e-09      -5.85  -1.22e-14   1.78e-15   -2.6e-10 
  5.84e-13  -1.24e-14       -0.5   8.47e-16   4.86e-10 
 -1.78e-15   1.78e-15   4.44e-16       7.69  -3.93e-11 
  3.33e-16   -2.6e-10   4.86e-10  -3.93e-11       11.5 

